Height(CM)
58
40
78
20
54
33
50
43
85
84
50
51
64
52
83
68
52
60
60
42
50
51
42
90
85
89
73
69
39
40
52
63
60
55
70
50
48
45
72
50
43
35
95
70
65
45
80
83
70
55
56
53
65
67
43
47
52
62
60
50
61
42
90
89
55
75
42
93
58
73
78
60
35
70
60
74
65
91
76
60
52
58
64
67
60
75
45
75
54
56
50
75
70
65
70
80
42
70
83
67
48
50
65
65
63
84
60
80
85
53
50
49
52
72
60
65
70
65
80
50
57
85
60
75
45
62
60
72
55
65
65
57
86
65
72
48
40
51
50
40
85
55
58
67
38
80
45
78
35
45
70
76
70
43
50
50
68.9
50
55
75
50
53
64
106
85
58
60
90
65
59
42
60
40
40
80
57
54
62
75
40
50
48
50
92
48
80
48
85
80
50
52
65
35
60
40
55
39
45
65
75
60
74
68
86
60
55
39
70
80
70
32
75
64
45
55
62
60
58
75
54
60
45
50
65
65
43
65
55
68
60
76
52
33
58
39